-8.568887533689473202e+00
-8.651367846083905633e+00
-8.785759356141246812e+00
-8.949737233389271296e+00
-9.127143196929781155e+00
-9.306410203161590289e+00
-9.479371698800944657e+00
-9.640364626327407649e+00
-9.785556309797321717e+00
-9.912441545962098033e+00
-1.001946873870485533e+01
-1.010576356965849243e+01
-1.017092613726286210e+01
-1.021488322045017227e+01
-1.023778172022899469e+01
-1.023991270445456436e+01
-1.022165806217184070e+01
-1.018345374558786887e+01
-1.012576508050178781e+01
-1.004907076858961190e+01
-9.953853071279867848e+00
-9.840592319856941828e+00
-9.709764389815987329e+00
-9.561840147778296384e+00
-9.397286155966906307e+00
-9.216566124967441098e+00
-9.020142757579630910e+00
-8.808479738231667966e+00
-8.582043703766865761e+00
-8.341306090087124758e+00
-8.086744790963681595e+00
-7.818845594697064527e+00
-7.538103384535540741e+00
-7.245023102328985054e+00
-6.940120483659438122e+00
