5.155013718214641827e+00
5.017911519041859059e+00
4.781487833588960790e+00
4.473811928318340847e+00
4.115642398906371291e+00
3.722256182856690021e+00
3.304838439229106140e+00
2.871535744032402082e+00
2.428251635725889201e+00
1.979245398940564948e+00
1.527580925422511005e+00
1.075461626281683625e+00
6.244789771870604689e-01
1.757958037897001669e-01
-2.697195731573041044e-01
-7.113960504237142324e-01
-1.148689976971477122e+00
-1.581135834318667444e+00
-2.008312015221084046e+00
-2.429817673667838740e+00
-2.845257625243116983e+00
-3.254233041558009187e+00
-3.656336262024718398e+00
-4.051148484179300624e+00
-4.438239423531053163e+00
-4.817168281275821862e+00
-5.187485542932856575e+00
-5.548735268212633187e+00
-5.900457633799131685e+00
-6.242191565095210670e+00
-6.573477347085415090e+00
-6.893859143448069382e+00
-7.202887380787204030e+00
-7.500120974293436937e+00
-7.785129384494251070e+00
